DE ABERRATIONE FIXARVM 452

0 Ξ Η Ρ. C 0 Ξ Ν RC, 0 Ι 'f' ΒΟ.
18 00 - 06 18 24 00 - 08 13 30 00 - 10 00
10 — 06 23 10 — 08 18 10 - 10 05
20 - 06 29 20 - 08 24 20 - 10 10
30 - 06 34- 30 — 08 29 30 - 10 ις
40 - 06 40 40 — 08 34 40 - 10 20
50 - 06 45 50 - 08 40 50 - 10 25
19 00 - 06 51 500 - 08 45 3100 - 1030
10 - 06 56 10 - 03 50 10 - 10 35
„0 - 06 62 20 - 08 56 Χ :0 - 10 40
30 - 06 67 00 - 08 61 30 - 10 45
40 - 06 73 40 - 08 66 40 - 10 50
50 - 06 78 50 - 08 72 50 — 10 55
20 00 - 06 84 26 00 - 08 77 32 00 - 10 60
10 - 06 89 10 - 08 82 10 - 10 65
20 - 06 95 20 — 08 87 20 - 10 70
30 - 07 00 30 — 08 92 30 - 10 74
40 — 07 06 40 - 08 98 40 - 10 79
50 - 07 11 50 - 09 04 50 - 10 84
21 00 - 07 17 27 00 - 09 09 33 00 -- 10 89
10 — 07 22 10 - 09 14 10 - 10 94
20 — 07 27 ..0 - 09 19 ..0 - 10 99
30 - 07 33 30 - 09 24 30 - 11 03
40⁷ - 07 38 40 - 09 29 40 - 11 08
50 - 07 44 50 - 09 34 50 - 11 13
2- 00 — 07 49 28 00 - 09 39 34 00 - 11 18
10 - 07 54 10 - 09 44 10 - 11 23
20 - 07 60 -0 - 09 50 20 — 11 28
30 - 07 65 30 - 09 55 30 — 11 3-
40 - 07 70 40 ·— 09 60 40 - 11 37
50 — 07 76 50 - 09 65 50 - 11 42
23 00 - 07 81 29 00 - 09 70 35· 00 - 11 47
10 - 07 86 ιο - 09 76 10 — 11 52
20 - 07 92 0 — 09 81 20 - 11 56
30 - 07 97 30 - 09 85 30 - 11 61
40 - 08 02 40 · 09 90 40 - 11 66
50 - 08 08 50 — 09 95 50 - ἱΗ 70

L113 ‘e Gr,

