1⁵⁸ DE QVANTITATE cAmms

Ἧὼῑ

5 68.12 ο.12 68 8.00 76.00 68.15

6 86.28 1.28 85 7.00 92 00 87.20
¹03-14 99.88

7 98 73 0-73 98 5-14
8 108.73 1.73 107 5.25
9 115.75 2.75 113 5.66
10 120.42 2.42 118 4.90
11 124.37 1.37 123 3.54
12 128.52 0.52 128 2.42
13 132.8ο 2.80 130 4.46
14 134·34 0-34 134 1.85
del 22 49.80 2.20 52 1.82
24 61.92 0.08 62 3.33
26 70.58 1.42 72 1.54
28 79.42 0.58 80 2.00
30 86 52 -1 52 85 3.80
32 90.87 0.13 91 1.94
34 96.26 0.74 97 1.12
36 101.72 1.28 103 0.39
38 107.24 0.76 108 0.74
40 111.83 —0.83 111 2.20
42 114.55 0.45 115 0.81
442118.25 -1.25 117 2.41
46 120.04 -1.04 119 2.13
48 121.85 ο.15 122 ο.87
50 124.65 -0.65 124 1.60
52 126.49 -1.49 125 2.38
54 127.37 -1.37 126 2.22
56 128.25 -0.25 128 ¹·07
58 130,13 -1.63 128} 2.37
60 130.545—1.54 129 2.27

*Nm—ff

112.25
118.66
122.90

126.54ss

130.42
134· 46
135.85
53-82
65-33
73·54
82.00
88.80
92·94
98.12
103.39

108.74
113.20

115.81
119.41
121.13
122.87
125.60

127.38
128.22
129.07
130.87
131.27

110.00
115.62
121.48
125.46
129.59
133.80
135.61
52.00
63.85
72·34
81.03
88.00
92.25

97-54
102.90

108.32
112.86
115.49
119.13
120.88
122.64
125-39
127.20
128.05
128.92
130.26
131.00

ξῗξ.

