Ι 1 Ι ι ι 1 Ι 1 Ι ΙΙ

DE ABERRATIONE FJXARVM

Η P·C. 0 Ι
- 19 02 78 00
19 04 10
19 06 20
Ι9 07 30
19 ὁρ 40
19 11 50
19 13 00
19 14 10
19 16 20
19 17 30
19 19 40
19 20 50
19 22 00
19 24 ¹0
19 25 20
19 27 30
19 29 40
19 30 50
19 32 00
{9 33 10
19 35 20
19 36 ³0
19 38 40
19 39 50
19 4¹ 00
19 42 IO
19 44 20
19 45 30
19 46 40
19 48 50
19 49 83 CO
19 50 10
19 51 :0
19 52 30
19 54
¹9 55 50

40-

„ P.C. 0 Ι

- 19 56 84 00

50 -

10 -

20 ·

50 -η ⁰

· 19 57 10
19 59 20
19 60 30
19 61 40
19 63 50
19 64 00
19 65, 10
19 66 20
19 67 30
19 68 ' 40
19 69 50
19 70 00
19 7¹ 10
19 72 20
19 73 30
19 73 40
¹9 74
19 75 87 00 -
19 76
19 77
19 77 30
19 78 40
19 79 50
19 80 00
19 81 10
- 19 82 20
- 19 82 30
— 19 83 40
- 19 84 50
- 19 85 89 00
-. 19 86 10
- 19 86 20
- 19 87
19 88 40 -
- 19 88
{90 00 —

ΙΙ Ι Ι ΙΙ Ι Ι

