454 DE ABERRATIONE FIXARVM

0 Ι ΙΙ P.C. Ο 1
36 00 - 11 76 42 00
10 - 11 80 10

20 - 11 85 20
30 - 11 89 30
40 · 11 94 40
50 - 11 99 50

37 00 - 12 04 43 00
10 - ¹2 08 10
20 - 12 13 20
30 - 12 17 30

40 - 12 22 40
50 - 12 26 50
38 00 - 12 31 44 00
10 - 12 35 10
20 - 12 40 20
30 - 1- 44 30
40 - ¹- 49 40
50 · 1 53 50
39 00 - 1 59 45 00
10 - 12 63 10
20 - 12 67 „0
30 - ¹2 72 30
40 - 12 77 40
50 - 12 81 50
40 00 - 12 86 46 00
10 - 12 90 10
20 - 12 95 20
30 · 12 99 30
40 13 03 40
50 - 13 08 50
4¹ 00 - 13 12 47 00
10 - 13 16 10
20 - 13 ι 20
30 - 13 —5 30
40 - 13 29 40
50 - 13 34 50

¹. ι ιι ι ιι ι 11 1 ¹

n Rc. 0 e

13 38 48 00
13 42 10
13 47 20
13 5¹ 30
13 53 40
13 60 50
13 64 49 00
13 6Ω 10
13 72 20
13 76 30
13 80 40
13 85 50
13 90 50 00
13 93 10
13 97 20
14 01 30
14 06 40
14 10 50
14 ¹4 51 00
1418 10
14 22 20
14 26 30
14 31 40
14 35 50
14 39 52 00
14 44 10
14 48 20
14 52 00
14 ς* 40
14 62 50
14 66 ³3 00
14 7c 10
14 73 20
14 76 30
14 80 40
14 83 50

