DE ABERRATIONE FIXARVM 455
0 ¹ η P. C. 0 t Ν P. C. 0 Ι ,Ι P. (<
54 00 - 16 18 60 00 - 17 32 66 00 - 18 27
10 - 16 21 10 - 17 35 10 - 18 29
20 · 16 25 20 - 17 38 20 - 18 32
30 - 16 28 30 - 17 40 30 - 18 34
40 — 16 31 40 - 17 43 40 - 18 36
50 - 16 35 50 - 17 46 50 - 18 39
55 00 - 16 38 61 00 17 49 67 00 ·- 18 41
10 - 16 41 10 - 17 52 10 - 18 43
20 - 16 4< 20 - 17 55 20 - 18 45
30 - 16 48 30 - 17 57 30 - 18 47
40 - 1651 40 - 17 60 40 - 18 50
50 - 1655 50 - 17 61 50 · 18 52
56 00 - 16 58 62 00 - 17 66 68 00 - 18 54
10 - 16 61 10 - 17 69 10 - 18 56
20 - 16 65 20 — 17 71 20 - 18 58
30 - 16 68 30 - 17 74 30 - 18 60
40 - 16 71 40 - 17 77 40 - 18 63
50 - 16 75 50 - 17 79 50 - 18 65
ς-,τ 00 - 16 77 63 00 - 17 82 69 co - 18 67
10 - 16 80 10 - 17 85 10 - 18 69
20 — 16 83 20 - 17 87 20 -· 18 71
30 - 16 86 30 - 17 90 30 -· 18 73
40 - 16 89 40 - 17 93 40 - 18 76
50 - 16 92 50 - 17 95 50 - 18 78
‚8 00 - 16 96 64- 00 - 17 98 7000 - 18 80
10 - 16 99 10 - 18 00 10 - 18 82
20 - 17 02 20 - 18 03 20 - 18 84
30 - 17 05 -30 - 18 05 30 ο 18 85
40 - 17 08 40 - 18 07 40 - 18 87
50 “’ 17 11 50 ·· 18 10 50 - 18 {9
5900 - 17 ¹4 6500 - 18 13 71 co - 18 91
10 - 17 17 10 - 18 15 10 - 18 93
20 - 17 20 20 - 18 17 20 - 18 9ς
30 - 17 23 30 - 18 19 30 - 18 96
40 - 17 26 40 — 18 22 40 — 18 98
50 - 17 29 50 - 18 24 50 - ¹9 00

Gn,

